n,max_v,max_w,ffv,onDuration,PosX0,PosY0,PosZ0,RotX0,RotY0,RotZ0,RotW0,ffX0,ffY0,ffZ0,ffX1,ffY1,ffZ1,pCheckX0,pCheckY0,pCheckZ0,pCheckX1,pCheckY1,pCheckZ1,rCheckX0,rCheckY0,rCheckZ0,rCheckW0,rCheckX1,rCheckY1,rCheckZ1,rCheckW1,distToFF0,distToFF1,rewarded,timeout,beginTime,checkTime0,checkTime1,endTime,checkWait,interWait
1,20,90,0,0.075,0.00000000,1.00000000,0.00000000,0.00000000,0.00000000,0.00000000,1.00000000,-1.17196,0.00010,12.33728,-0.69431,0.00010,34.87928,-0.36694,1.00000,10.09542,0.90695,1.00000,28.05819,0.00000,-0.02761,0.00000,0.99962,0.00000,0.09686,0.00000,0.99530,2.382017,7.00652,0,0,0.3349566,1.43585,0.00000,2.579527,0.2351414,0.4805279
2,20,90,0,0.15,0.00000000,1.00000000,0.00000000,0.00000000,0.00000000,0.00000000,1.00000000,-0.34504,0.00010,10.95043,-0.22299,0.00010,25.34801,-0.47087,1.00000,10.77013,-1.61470,1.00000,30.46326,0.00000,-0.02992,0.00000,0.99955,0.00000,-0.01412,0.00000,0.99990,0.219866,5.301194,1,0,3.006906,4.01730,5.21654,5.216547,0.1001506,0.5392761
3,20,90,0,0.15,0.00000000,1.00000000,0.00000000,0.00000000,0.00000000,0.00000000,1.00000000,-0.00465,0.00010,10.60531,-9.82174,0.00010,18.11062,-0.29084,1.00000,9.94157,-9.60255,1.00000,19.40661,0.00000,-0.04049,0.00000,0.99918,0.00000,-0.66124,0.00000,0.75018,0.7228126,1.3144,1,0,5.699729,6.68186,7.87707,7.877074,0.1887321,0.4682283
4,20,90,0,0.15,0.00000000,1.00000000,0.00000000,0.00000000,0.00000000,0.00000000,1.00000000,6.07186,0.00010,13.66633,-3.39779,0.00010,32.44490,4.52993,1.00000,11.24289,0.20746,1.00000,35.32051,0.00000,0.37541,0.00000,0.92686,0.00000,-0.24112,0.00000,0.97050,2.872384,4.611609,1,0,8.279615,9.37092,10.90134,10.90135,0.1086128,0.5779738
5,20,90,0,2.149276,0.00000000,1.00000000,0.00000000,0.00000000,0.00000000,0.00000000,1.00000000,-4.68907,0.00010,12.09931,-1.91508,0.00010,29.03953,-3.78788,1.00000,12.82475,-2.20868,1.00000,28.78874,0.00000,-0.27032,0.00000,0.96277,0.00000,0.38518,0.00000,0.92284,1.156891,0.386133,1,0,11.38064,12.47484,13.54904,13.54905,0.1816402,0.4146248
6,20,90,0,2.168411,0.00000000,1.00000000,0.00000000,0.00000000,0.00000000,0.00000000,1.00000000,-7.74968,0.00010,11.89709,1.57534,0.00010,25.19034,-4.50121,1.00000,11.04323,-3.37737,1.00000,28.91892,0.00000,-0.41661,0.00000,0.90909,0.00000,0.56355,0.00000,0.82608,3.358816,6.199326,1,0,13.90885,15.02045,16.66123,16.66123,0.1146805,0.4650772
7,20,90,0,0.15,0.00000000,1.00000000,0.00000000,0.00000000,0.00000000,0.00000000,1.00000000,3.44018,0.00010,7.52642,5.76678,0.00010,27.87493,0.92477,1.00000,7.78167,6.30721,1.00000,30.60117,0.00000,0.12817,0.00000,0.99175,0.00000,0.10844,0.00000,0.99410,2.528328,2.779291,1,0,17.04636,17.94054,19.26073,19.26073,0.3555925,0.4321331
8,20,90,0,0.15,0.00000000,1.00000000,0.00000000,0.00000000,0.00000000,0.00000000,1.00000000,5.95712,0.00010,11.02363,17.63735,0.00010,29.52520,2.11533,1.00000,10.54312,16.33856,1.00000,30.18634,0.00000,0.23159,0.00000,0.97281,0.00000,0.33208,0.00000,0.94325,3.871714,1.457384,1,0,19.62716,20.63773,22.05618,22.05618,0.1178563,0.4237668
9,20,90,0,2.411237,0.00000000,1.00000000,0.00000000,0.00000000,0.00000000,0.00000000,1.00000000,0.18211,0.00010,11.50552,7.64658,0.00010,15.84122,-0.23810,1.00000,11.14621,6.57248,1.00000,15.40874,0.00000,-0.01507,0.00000,0.99989,0.00000,0.57312,0.00000,0.81947,0.5528852,1.157908,1,0,22.42314,23.44408,24.55392,24.55393,0.1266644,0.4217991
10,20,90,0,2.429022,0.00000000,1.00000000,0.00000000,0.00000000,0.00000000,0.00000000,1.00000000,-6.32298,0.00010,10.95024,10.42528,0.00010,17.81126,-3.61899,1.00000,9.56448,9.07402,1.00000,24.12981,0.00000,-0.36574,0.00000,0.93072,0.00000,0.77441,0.00000,0.63268,3.038405,6.461423,1,0,24.9269,26.14920,27.93521,27.93521,0.1063991,0.4253059
11,20,90,0,2.112079,0.00000000,1.00000000,0.00000000,0.00000000,0.00000000,0.00000000,1.00000000,-3.91849,0.00010,13.42788,1.23604,0.00010,28.20829,-3.29381,1.00000,12.66711,1.58688,1.00000,28.51170,0.00000,-0.24076,0.00000,0.97059,0.00000,0.46266,0.00000,0.88654,0.9843778,0.4638374,1,0,28.28383,29.43703,30.56774,30.56774,0.2439968,0.4971188
12,20,90,0,2.130791,0.00000000,1.00000000,0.00000000,0.00000000,0.00000000,0.00000000,1.00000000,-0.24536,0.00010,9.00083,-11.70106,0.00010,18.50152,-0.51983,1.00000,8.36224,-13.11477,1.00000,19.78124,0.00000,-0.06263,0.00000,0.99804,0.00000,-0.68702,0.00000,0.72664,0.6950733,1.906904,1,0,30.99497,31.82593,32.93988,32.93989,0.1216407,0.4918311
13,20,90,0,0.075,0.00000000,1.00000000,0.00000000,0.00000000,0.00000000,0.00000000,1.00000000,1.51347,0.00010,9.57177,3.42327,0.00010,25.85936,0.29735,1.00000,8.67239,3.71647,1.00000,27.37516,0.00000,0.04320,0.00000,0.99907,0.00000,0.11829,0.00000,0.99298,1.512557,1.543895,1,0,33.35852,34.17774,35.32791,35.32792,0.170503,0.57771
14,20,90,0,2.265422,0.00000000,1.00000000,0.00000000,0.00000000,0.00000000,0.00000000,1.00000000,5.20181,0.00010,9.23503,5.65546,0.00010,23.23798,1.40873,1.00000,8.51967,6.07052,1.00000,23.58706,0.00000,0.19963,0.00000,0.97987,0.00000,0.10523,0.00000,0.99445,3.85995,0.5423344,1,0,35.80541,36.66913,37.62665,37.62666,0.3996358,0.5761819
15,20,90,0,2.283909,0.00000000,1.00000000,0.00000000,0.00000000,0.00000000,0.00000000,1.00000000,1.43913,0.00010,8.14006,-6.00454,0.00010,31.39570,-0.00960,1.00000,8.46963,-4.90612,1.00000,29.84423,0.00000,-0.00061,0.00000,1.00000,0.00000,-0.19162,0.00000,0.98147,1.485744,1.900945,1,0,38.10488,38.88100,39.98176,39.98177,0.1630464,0.4382361
16,20,90,0,0.15,0.00000000,1.00000000,0.00000000,0.00000000,0.00000000,0.00000000,1.00000000,4.23750,0.00010,14.12646,-3.96659,0.00010,31.22980,0.00000,0.00000,0.00000,0.00000,0.00000,0.00000,0.00000,0.00000,0.00000,1.00000,0.00000,0.00000,0.00000,1.00000,7.515258,24.32843,0,0,40.34592,0.00000,0.00000,41.17627,0.1680126,0.5785844
17,20,90,0,0.15,-0.75194350,1.00000000,5.64761700,0.00000000,-0.10677730,0.00000000,0.99428300,0.06075,0.00010,11.25071,-20.83821,0.00010,25.54832,0.00000,0.00000,0.00000,0.00000,0.00000,0.00000,0.00000,0.00000,0.00000,1.00000,0.00000,0.00000,0.00000,1.00000,8.382124,18.39951,0,0,41.67391,0.00000,0.00000,44.37132,0.1578189,0.5261111
18,20,90,0,0.075,0.00000000,1.00000000,0.00000000,0.00000000,0.00000000,0.00000000,1.00000000,1.14775,0.00010,12.00897,-0.93318,0.00010,21.76685,0.85426,1.00000,11.24371,0.58324,1.00000,22.56001,0.00000,0.04888,0.00000,0.99880,0.00000,-0.08033,0.00000,0.99677,0.8196154,1.711329,1,0,44.81484,45.88244,46.70112,46.70113,0.1047864,0.4416265
